0.524709 -0.824658 0.211234
0.165659 -0.785042 -0.59688
0.676722 -0.419699 0.604897
-0.43061 0.725801 -0.536459
-0.172615 0.979057 -0.10794
-0.956486 0.136759 -0.257742
-0.660058 0.750736 -0.0268018
0.529414 -0.163854 -0.83239
-0.592568 -0.678227 -0.434594
0.615056 0.758905 -0.213938
0.85316 0.0876871 0.514226
0.516462 0.602638 -0.608354
0.542359 0.816455 0.198111
0.426932 0.453439 0.782382
0.826107 -0.00558246 0.563486
-0.73243 -0.0596461 -0.678224
-0.693737 -0.593562 0.407937
-0.648432 -0.759721 -0.0485744
-0.325212 0.0131194 -0.94555
-0.221717 0.810124 -0.542715
-0.829918 -0.14079 -0.539828
-0.503691 0.364848 -0.783059
-0.198545 0.934615 0.295083
0.193572 -0.510095 -0.838053
0.397196 0.186161 -0.898654
-0.553428 -0.0912059 0.827888
0.335698 0.883592 -0.326454
0.735371 -0.606544 0.302214
0.257692 0.109924 0.959954
-0.469198 0.127719 0.873808
0.0248425 0.336745 -0.941268
0.582044 -0.410665 -0.70184
-0.104192 0.991373 -0.0795207
-0.604557 0.602987 -0.520497
-0.939138 -0.0741218 -0.335448
-0.380886 -0.0766501 0.921439
-0.465855 0.192492 -0.86367
0.813619 -0.377816 -0.441905
-0.187909 0.858543 -0.477069
-0.609761 -0.736875 0.291903
-0.283199 -0.688117 0.668052
-0.604277 0.238791 -0.76015
0.449027 -0.826579 0.339326
0.0813342 0.611896 -0.786745
-0.546982 0.749285 -0.37334
0.947576 -0.265842 -0.17728
-0.383227 -0.581844 -0.717353
-0.492326 0.196502 -0.84794
-0.624068 0.462846 -0.629534
-0.228767 -0.521607 -0.821944
-0.817813 0.090336 0.56835
0.515917 -0.166728 -0.840257
0.38821 0.518131 -0.762124
-0.626296 -0.767614 0.136093
-0.656925 -0.613767 0.437881
0.206987 -0.89937 0.385084
-0.790714 0.273314 0.547787
0.34205 0.826268 0.447531
-0.9246 -0.342383 0.166997
0.281355 0.508804 -0.813608
0.5292 0.400835 0.747849
-0.853237 0.0244313 -0.52095
0.490777 -0.0471648 -0.870008
-0.389267 -0.891006 0.233623
-0.00138904 -0.964884 0.262673
-0.23134 0.812248 0.535477
-0.74119 -0.43513 0.511175
0.509772 0.724266 -0.464297
0.570784 0.5742 -0.586941
0.447928 0.747743 -0.490143
0.38858 0.196548 -0.900208
0.945146 0.32379 -0.0431268
0.382017 0.764063 0.519875
0.261853 -0.84553 -0.465309
-0.196727 -0.295683 -0.93481
-0.546909 -0.656537 -0.51947
0.568734 0.378624 0.730195
-0.532749 -0.0680163 0.843536
0.730306 0.343131 0.59069
-0.746432 0.184566 -0.639355
-0.769886 -0.382086 -0.511162
0.690638 0.233741 0.684386
0.80642 -3.2577e-05 0.591343
0.510346 -0.422435 0.749063
0.452219 -0.00625427 0.891885
0.355918 -0.376447 0.855342
0.532781 0.0139344 -0.846138
-0.639014 -0.427801 0.639255
0.506786 0.834413 0.21662
0.656906 -0.399568 -0.63939
-0.629537 0.769847 -0.10497
-0.874068 -0.476454 0.0948483
-0.229634 -0.553278 0.80072
-0.841424 -0.164942 -0.514588
-0.0587589 0.165505 -0.984457
-0.580291 -0.304784 -0.755228
-0.0132988 -0.966101 -0.25782
0.847126 0.191709 -0.495606
0.262512 -0.45531 -0.850753
0.524145 -0.535657 -0.662075
0.865776 -0.112502 -0.487622
0.208642 -0.144946 -0.967191
-0.498829 -0.866683 0.00548296
0.3866 0.644135 -0.660024
0.408558 -0.342559 0.846011
-0.508988 -0.697857 0.503912
-0.5774 -0.610854 0.541726
-0.284094 -0.886081 0.366266
-0.400663 0.742257 0.537144
0.861166 0.433083 -0.266144
0.15706 0.940196 -0.302264
-0.332237 -0.0223406 -0.942931
-0.186841 0.978053 -0.0922138
-0.121636 -0.622091 0.773439
-0.966991 0.175139 -0.18508
0.934884 -0.341111 0.0981649
-0.371062 0.615447 -0.695369
-0.104034 0.0453978 0.993537
-0.550782 0.811076 -0.196963
0.422889 -0.733424 0.532217
-0.451061 -0.891841 0.0340994
-0.914853 0.104285 0.390089
-0.182308 -0.750786 0.634888
-0.285513 -0.274335 0.918271
-0.788858 0.473354 -0.391968
-0.442164 -0.853646 -0.27528
-0.44466 0.635945 0.630755
-0.748631 -0.61227 -0.254316
-0.113447 -0.932367 0.343251
-0.0482309 -0.801851 0.595574
0.816845 -0.442972 -0.369513
-0.499864 -0.717256 0.485469
-0.553844 -0.114481 0.824713
-0.0432341 0.654566 -0.754768
-0.227724 -0.536613 0.81252
0.735475 0.618433 0.276798
-0.8706 -0.455305 -0.186423
-0.453737 -0.784642 0.422444
0.146045 -0.894169 0.423241
-0.376249 0.688055 0.620498
0.118852 -0.0117148 0.992843
0.439982 -0.832357 0.337042
0.375544 0.918061 0.127006
0.527552 -0.140279 -0.837861
0.0855897 -0.913318 -0.398151
0.672195 0.640381 -0.371572
-0.623108 0.557524 -0.548547
0.51887 -0.194014 -0.832546
0.520737 -0.614246 0.592904
0.269624 -0.95816 -0.0960841
-0.171743 0.560913 -0.809865
0.55962 -0.356909 -0.747958
-0.988252 0.0115256 -0.152399
0.464804 0.761244 0.452178
0.659249 -0.751771 0.0152024
-0.697624 0.162106 -0.697884
-0.908206 0.0229596 0.417893
0.393613 0.842248 -0.368357
-0.0972892 -0.685141 0.721884
-0.79729 -0.603406 0.0151566
0.470029 -0.760208 -0.448504
0.362328 0.748001 0.556069
-0.652828 0.0060484 0.757482
0.620243 0.733071 0.279115
-0.228199 0.449212 -0.863791
0.813783 -0.527378 -0.244191
0.400315 -0.65949 -0.636255
-0.943674 0.0232806 0.330057
-0.746764 0.584323 -0.317662
-0.678925 -0.553675 0.482188
0.301677 0.422043 0.85491
0.744531 0.599161 -0.294415
-0.593084 0.684786 0.423461
-0.281699 0.502004 0.817703
-0.444136 0.218176 -0.868989
-0.764178 -0.442717 0.469077
-0.462171 -0.715743 -0.523556
-0.725843 0.0574607 0.685456
0.718082 -0.648992 -0.251331
-0.806507 -0.0901407 0.584313
-0.925065 -0.349956 0.147601
0.470556 -0.856716 0.211223
0.0334099 0.936909 0.347973
-0.124249 -0.952713 -0.277308
0.941937 -0.0899671 0.323514
0.548528 -0.411522 0.727851
-0.12424 0.0779849 0.989183
0.173545 -0.81776 -0.548772
-0.172696 0.613394 0.770664
0.595461 -0.670859 -0.442012
0.947721 0.302429 0.10179
0.906162 -0.0772369 -0.415818
0.242981 0.968625 0.052212
0.386329 -0.4372 0.812161
0.788095 0.569257 0.234208
-0.303347 0.899574 -0.31424
0.245396 -0.630244 0.736596
0.4264 0.143027 0.893155
-0.798289 0.217225 -0.561737
-0.353606 -0.928313 0.11488
0.675975 3.32408e-05 0.736924
0.0350914 -0.995956 0.0826997
-0.809615 -0.169081 0.562082
0.893326 0.272027 -0.357729
-0.212367 -0.446171 -0.869386
-0.743293 0.667838 -0.0388327
0.177965 -0.319117 0.930856
0.942444 0.329046 -0.0594004
-0.083103 -0.153784 0.984604
-0.371372 0.334037 0.866316
-0.805712 0.459664 -0.373545
-0.431355 -0.269871 -0.860873
0.567308 -0.821743 -0.0538576
0.796971 0.519685 -0.307838
-0.790896 0.461056 -0.402381
0.719842 -0.454793 -0.524396
-0.0332403 0.423959 0.905071
-0.0820233 -0.935552 0.343532
-0.577225 -0.635473 -0.512821
0.961523 -0.0542043 0.269323
0.00487205 0.261834 -0.965101
-0.147367 -0.849427 -0.506712
-0.30118 -0.422967 0.854628
-0.432449 -0.470095 -0.769414
-0.141052 0.981799 0.127177
0.103352 -0.993647 0.0445365
0.0685238 0.890302 0.450186
-0.47227 0.576274 0.666986
-0.604026 0.0512921 -0.795313
0.401517 -0.257622 0.878871
0.82582 -0.563862 -0.00904579
-0.927324 -0.0952589 0.361934
0.996408 -0.0838255 0.0120466
-0.0581725 0.571505 0.818534
0.494822 -0.168498 0.852502
-0.972774 -0.00432187 0.231716
-0.0950449 0.553161 -0.827635
-0.980096 -0.185352 0.0711084
0.406584 -0.158089 0.899832
0.0608192 -0.839201 -0.540409
0.31106 -0.584669 0.749269
0.92165 0.0921939 -0.376911
0.653378 -0.711316 -0.259087
-0.0771627 -0.889271 -0.450824
0.629319 -0.00214362 -0.777144
0.0971655 0.916795 0.387356
-0.592725 0.804967 -0.0265474
-0.606827 -0.391086 -0.691963
-0.62176 0.383271 -0.683021
-0.11933 0.978329 0.169211
-0.970652 -0.231769 0.0641653
-0.177375 0.744746 0.643345
0.562847 0.814043 -0.14331
0.115618 -0.338345 0.933892
-0.97666 -0.214767 0.00303976
0.83407 -0.240271 -0.496585
-0.587601 -0.209815 -0.781475
-0.516257 -0.515281 -0.684079
0.439587 0.690447 0.574497
-0.148127 -0.657056 0.739145
0.750667 0.482966 0.450824
0.985024 0.018567 0.171413
0.89478 0.152553 -0.419639
0.78986 -0.324863 0.520178
0.391668 0.844647 0.364921
0.722405 -0.621002 -0.304117
0.546174 0.755082 -0.362692
-0.734244 0.640674 0.224549
-0.709272 0.00115409 0.704934
-0.616954 -0.376401 -0.691151
-0.348395 -0.221432 -0.910818
-0.666746 -0.245481 0.703697
0.977808 -0.102947 0.182467
0.623255 0.771172 -0.129797
-0.0133567 0.999647 0.0229709
-0.376902 0.0866614 -0.92219
0.561754 0.569078 0.600486
-0.407178 0.875993 -0.258538
0.666687 0.681188 -0.302507
-0.574167 -0.550381 -0.606146
0.0135451 0.998797 0.0471364
-0.617919 0.515688 0.593499
0.586072 0.10561 -0.803347
-0.625005 0.311084 0.715958
0.930714 -0.318741 0.179374
0.432221 0.467212 -0.771297
0.617041 0.403511 0.675603
0.868634 0.415861 0.269322
-0.0131327 0.683555 0.729781
0.205976 -0.974466 0.0893854
-0.582694 0.807073 0.0953997
0.182643 -0.470394 -0.863349
-0.47625 -0.669964 0.569503
-0.246343 -0.520045 -0.817844
-0.000546224 0.692185 -0.72172
-0.983673 0.179572 -0.0119117
-0.623769 -0.455556 -0.635123
0.0366029 -0.996473 0.07551
0.919456 -0.290039 -0.265477
-0.705866 0.282913 -0.649395
-0.342116 -0.848178 -0.404413
0.415807 -0.0336568 -0.90883
0.538893 -0.729414 0.421368
-0.972073 -0.232895 -0.0288693
0.784291 0.596091 0.171943
-0.582911 -0.304972 -0.753131
-0.825888 0.32676 -0.459495
0.61456 -0.660537 -0.431285
0.285339 -0.864844 -0.413071
-0.0142398 -0.273329 0.961815
0.753437 -0.655618 -0.0499748
-0.480683 0.112777 0.869612
-0.227751 -0.973468 0.0221137
-0.46054 -0.809528 -0.364098
0.172316 0.52533 -0.833268
0.416401 -0.467067 -0.780037
-0.666073 -0.188748 0.72161
-0.195272 0.0629769 -0.978725
0.213624 0.970933 0.107953
-0.401195 0.915524 -0.0293189
0.730042 -0.672686 0.120549
-0.773471 0.160017 -0.6133
-0.540748 0.612132 0.576962
0.721127 -0.00400246 0.692791
-0.663577 -0.710996 -0.232701
0.0592694 0.000221595 0.998242
0.130214 -0.88109 -0.45467
-0.415358 0.894651 0.164553
-0.383775 -0.849886 -0.361124
0.205225 0.710753 -0.67284
-0.19234 -0.728567 -0.657416
0.454053 0.306696 0.836525
0.0848794 -0.962102 -0.259144
0.184559 0.798571 0.572906
0.85122 0.475378 0.222354
0.425893 -0.132019 -0.89509
-0.683005 0.56609 0.461571
-0.320556 -0.843019 0.43193
0.138302 -0.811514 -0.56773
-0.795369 0.421383 0.435688
0.0729492 0.198573 0.977368
0.0917826 0.23981 -0.966472
0.0287155 0.768294 -0.639452
0.640704 0.74027 0.203713
-0.61453 -0.452469 0.646239
0.344565 -0.642404 0.684538
0.871637 -0.0661917 0.485663
0.0621668 0.601136 0.796725
0.183953 0.945286 -0.269435
-0.268797 -0.761703 -0.58954
-0.28585 -0.813864 -0.505881
-0.466825 -0.843126 -0.26686
0.919506 0.340476 -0.196433
0.134174 0.922297 0.362444
-0.199607 -0.612159 0.765126
0.0787943 -0.995521 -0.0522466
-0.928457 -0.327108 -0.175978
-0.438587 0.801762 -0.405979
0.458412 0.576227 0.676625
-0.69056 0.0638539 -0.720451
0.384615 -0.916051 -0.113672
-0.064234 -0.92761 0.367985
0.658668 0.750264 -0.0570965
-0.366607 0.913531 -0.176238
-0.984004 -0.112289 0.138304
-0.053629 0.96424 0.259547
-0.778029 0.619175 0.106268
-0.963357 0.147025 0.224338
-0.098311 0.528098 0.843474
-0.594874 0.635538 0.492155
-0.441614 -0.825069 -0.352474
-0.885948 -0.0777767 -0.457217
-0.0834527 -0.449239 -0.889506
-0.459978 0.115956 -0.880326
-0.433265 0.897786 0.0791317
-0.941011 -0.101766 -0.322711
-0.797318 0.565372 -0.211279
0.712345 -0.0605565 0.699212
-0.457133 -0.832741 0.312365
-0.96485 -0.258813 -0.0456154
0.115908 -0.213245 0.970099
-0.145201 0.947177 -0.285958
-0.526279 -0.156982 -0.835695
-0.0354989 0.338842 -0.940173
0.014896 0.725605 -0.687951
-0.343152 -0.935102 0.0884968
0.120277 -0.268174 0.955833
0.484153 0.770897 -0.4139
-0.259784 -0.957316 0.126723
-0.750746 -0.427725 -0.50342
0.918936 -0.0489332 -0.391358
-0.158836 0.84675 -0.507725
0.0618615 0.114527 0.991492
-0.54213 0.0146811 0.840166
0.307004 0.505115 -0.806602
0.179022 -0.851204 -0.493358
-0.146265 0.0617449 0.987317
-0.860833 -0.507543 -0.0369568
0.909531 0.406204 -0.0880454
-0.633083 0.525534 0.568348
